local placeId = game.PlaceId;
if placeId == 2753915549 then
    world1 = true;
elseif placeId == 4442272183 then
    world2 = true;
elseif placeId == 7449423635 then
    world3 = true;
end

if world1 then
    Material_world = {
        ["Scrap Metal"] = {n="Scrap Metal",nm="Brute [Lv. 45]",cf=CFrame.new(-1153.94336, 14.809885, 4297.71045, -0.320820421, -1.13458782e-07, 0.947140038, -2.79087384e-08, 1, 1.10337524e-07, -0.947140038, 8.96504737e-09, -0.320820421)},
        ["Leather"] = {n="Leather",nm="Pirate [Lv. 35]",cf=CFrame.new(-1111.73755, 13.7520523, 3955.38916, 0.254000783, -1.99463592e-08, -0.967204034, -1.22808341e-08, 1, -2.38478144e-08, 0.967204034, 1.79354345e-08, 0.254000783)},
        ["Angel Wings"] = {n="Angel Wings",nm="God's Guard [Lv. 450]",cf=CFrame.new(-4729.12354, 845.276978, -1911.18311, 0.990448356, 8.01163367e-08, -0.137884334, -7.09923498e-08, 1, 7.10891612e-08, 0.137884334, -6.0621403e-08, 0.990448356)},
        ["Magma Ore"] = {n="Magma Ore",nm="Military Soldier [Lv. 300]",cf=CFrame.new(-5444.78711, 8.99068451, 8450.27832, -0.573220909, -1.26738211e-08, -0.819400847, -2.61534971e-08, 1, 2.82878676e-09, 0.819400847, 2.3051717e-08, -0.573220909)},
        ["Fish Tail"] = {n="Fish Tail",nm="Fishman Warrior [Lv. 375]",cf=CFrame.new(60885.2969, 18.4716454, 1415.97742, 0.999940217, 0, 0.0109358681, 0, 1, 0, -0.0109358681, 0, 0.999940217)},
    }
elseif world2 then
    Material_world = {
        ["Scrap Metal"] = {n="Scrap Metal",nm="Mercenary [Lv. 725]",cf=CFrame.new(-995.223083, 73.0097046, 1459.69055, -0.0211966764, 2.53673829e-08, 0.99977535, 8.55516333e-08, 1, -2.35592665e-08, -0.99977535, 8.50330295e-08, -0.0211966764)},
        ["Leather"] = {n="Leather",nm="Marine Captain [Lv. 900]",cf=CFrame.new(-1921.9646, 73.1659698, -3233.16895, -0.519080281, 5.98680128e-09, 0.85472548, -6.47526335e-08, 1, -4.63290455e-08, -0.85472548, -7.93942192e-08, -0.519080281)},
        ["Radioactive Material"] = {n="Radioactive Material",nm="Factory Staff [Lv. 800]",cf=CFrame.new(396.346558, 72.9597626, -74.3369446, 0.734367371, 1.14238325e-08, 0.678752244, -1.0547808e-08, 1, -5.41856959e-09, -0.678752244, -3.18012772e-09, 0.734367371)},
        ["Vampire Fang"] = {n="Vampire Fang",nm="Vampire [Lv. 975]",cf=CFrame.new(-6004.17188, 6.40271139, -1285.16541, -0.888096929, 0, -0.459656179, 0, 1, 0, 0.459656179, 0, -0.888096929)},
        ["Magma Ore"] = {n="Magma Ore",nm="Magma Ninja [Lv. 1175]",cf=CFrame.new(-5410.55225, 22.5095844, -5890.46484, -0.254683703, -7.22285094e-08, -0.967024386, -5.04154514e-08, 1, -6.14136724e-08, 0.967024386, 3.31119097e-08, -0.254683703)},
        ["Mystic Droplet"] = {n="Mystic Droplet",nm="Water Fighter [Lv. 1450]",cf=CFrame.new(-3456.58862, 275.082336, -10577.8477, -0.80121392, 7.71084956e-08, -0.598378003, 8.96310084e-08, 1, 8.84872353e-09, 0.598378003, -4.65435051e-08, -0.80121392)},
    }
elseif world3 then
    Material_world = {
        ["Cocoa"] = {n="Cocoa",nm="Cocoa Warrior [Lv. 2300]",cf=CFrame.new(87.4327545, 73.5574417, -12316.6729, -0.689039528, -1.38329703e-08, 0.724723756, 1.85293967e-08, 1, 3.67042716e-08, -0.724723756, 3.87193886e-08, -0.689039528)},
        ["Scrap Metal"] = {n="Scrap Metal",nm="Pirate Millionaire [Lv. 1500]",cf=CFrame.new(-364.202454, 65.2114487, 5571.4165, 0.780994594, 1.67273839e-08, -0.624537706, 1.31847502e-08, 1, 4.32713669e-08, 0.624537706, -4.20290718e-08, 0.780994594)},
        ["Leather"] = {n="Leather",nm="Forest Pirate [Lv. 1825]",cf=CFrame.new(-13463.6846, 410.277374, -7779.42773, 0.939457238, 1.07069916e-07, 0.342666179, -1.12962276e-07, 1, -2.7627034e-09, -0.342666179, -3.61129082e-08, 0.939457238)},
        ["Demonic Wisp"] = {n="Demonic Wisp",nm="Demonic Soul [Lv. 2025]",cf=CFrame.new(-9587.35059, 271.104889, 6254.22266, 0.995259404, 2.31574981e-09, -0.0972562879, -2.92486124e-09, 1, -6.12037976e-09, 0.0972562879, 6.37582698e-09, 0.995259404)},
        ["Dragon Scale"] = {n="Dragon Scale",nm="Dragon Crew Archer [Lv. 1600]",cf=CFrame.new(6801.30127, 462.341339, 194.966522, -0.563355386, 3.60659271e-08, 0.826214671, 8.60273772e-08, 1, 1.50058668e-08, -0.826214671, 7.95307074e-08, -0.563355386)},
        ["Gunpowder"] = {n="Gunpowder",nm="Pistol Billionaire [Lv. 1525]",cf=CFrame.new(-778.007507, 73.7299271, 5835.31885, 0.162159413, 4.77058357e-08, 0.98676455, 7.78718245e-08, 1, -6.11427353e-08, -0.98676455, 8.67560317e-08, 0.162159413)},
        ["Mini Tusk"] = {n="Mini Tusk",nm="Mythological Pirate [Lv. 1850]",cf=CFrame.new(-13567.4863, 469.785217, -6858.38818, 0.549961209, -6.2196591e-08, 0.835190237, 9.34153448e-08, 1, 1.29572575e-08, -0.835190237, 7.08935914e-08, 0.549961209)},
        ["Fish Tail"] = {n="Fish Tail",nm="Fishman Raider [Lv. 1775]",cf=CFrame.new(-10434.8105, 331.762634, -8383.1377, 0.0260732844, 0, -0.999660015, 0, 1, 0, 0.999660015, 0, 0.0260732844)},
    }
end

return Material_world
